0.2104477451687442 0.7978719780840269 -1.0 
0.13780455998447216 0.4766282507001147 -1.0 
0.14190667125507905 0.5194716525295038 -1.0 
0.1074529002812118 0.6451838629907638 -1.0 
0.34575788784466177 0.11046453852749283 -1.0 
0.09136673765873127 0.9191396561663143 -1.0 
0.04575074190017181 0.326292600062972 -1.0 
0.0551524558779698 0.659304385671595 -1.0 
0.02826956956711657 0.6745258674644126 -1.0 
0.26563349858469487 0.30876282768190855 -1.0 
0.06896286000745178 0.40831776715928203 -1.0 
0.3360826398127865 0.027702575555320297 -1.0 
0.13974990901885997 0.046729022370788686 -1.0 
0.16450300321560019 0.691196776845457 -1.0 
0.1485881669180633 0.33467022849681505 -1.0 
0.20403677808641485 0.38169570690754384 -1.0 
0.006713119666425071 0.9879639502900094 -1.0 
0.12575413943239644 0.07563998368750258 -1.0 
0.14309466241525315 0.12377459953323977 -1.0 
0.15477567354869748 0.6873950158558466 -1.0 
0.096359543202162 0.7873872364578426 -1.0 
0.16739006985177773 0.964605997677974 -1.0 
0.23455431263829796 0.19306383094083124 -1.0 
0.2122233031570695 0.13178164004204573 -1.0 
0.17612722404234382 0.17738712185786465 -1.0 
0.28150364566387687 0.08315985117379032 -1.0 
0.16081835009623846 0.3943423647738209 -1.0 
0.025732877195200676 0.15507118065282055 -1.0 
0.2235594746480577 0.5916277324039524 -1.0 
0.3455737827388464 0.01306065527825262 -1.0 
0.020508008162054114 0.5780766482442343 -1.0 
0.12013910776247894 0.16451977389313033 -1.0 
0.08970043522510973 0.43695886012395857 -1.0 
0.22196355138286128 0.6886119079112605 -1.0 
0.25562835653523597 0.21173793685395714 -1.0 
0.06378192213068701 0.10459863574712991 -1.0 
0.13335189577173134 0.09799231679237452 -1.0 
0.11228639935210427 0.9800672056984507 -1.0 
0.11657501705845863 0.38117616531365894 -1.0 
0.23252179559948916 0.5080826167018004 -1.0 
0.1657038342236683 0.3952537364943566 -1.0 
0.21879216502005716 0.6968210160554629 -1.0 
0.07354816297415745 0.2314546949979781 -1.0 
0.08255389912892874 0.6762563414199779 -1.0 
0.3055922625972397 0.006356930233825109 -1.0 
0.3000916268142524 0.3263950388161604 -1.0 
0.22948126290635973 0.6971541482787567 -1.0 
0.2524630545226392 0.7120211097510711 -1.0 
0.17101366938710827 0.010647856940816824 -1.0 
0.13728777312327534 0.8441715804857214 -1.0 
0.061232271224337276 0.5499942759305998 -1.0 
0.12772025445224222 0.857521457106643 -1.0 
0.16191178306366205 0.8845548566873385 -1.0 
0.006407359340180441 0.4257246131805986 -1.0 
0.13236863569758406 0.1679041923963014 -1.0 
0.29057521710740686 0.36374242857449957 -1.0 
0.14056193688999663 0.5608814912245792 -1.0 
0.2808295359127868 0.14739282114108565 -1.0 
0.19724037486886403 0.5446032021848937 -1.0 
0.056522952536425475 0.8986181643071343 -1.0 
0.22870032225368742 0.2360918936185975 -1.0 
0.23146294377641718 0.13793865903859315 -1.0 
0.011480054249846217 0.5754618872202001 -1.0 
0.022800094611423627 0.6319053869002648 -1.0 
0.16716093832571333 0.3998390808189073 -1.0 
0.02150115529267549 0.025970878112756224 -1.0 
0.09693863079957354 0.9315230183208532 -1.0 
0.10353466867514494 0.9362874212729932 -1.0 
