0.8557052145747871 0.9451564019829309 1.0 
0.5744366197209865 0.7812090975738322 1.0 
0.38899122128299046 0.47014748815830665 1.0 
0.7797873034610017 0.6073448648236924 1.0 
0.5842181182601669 0.4365497886738734 1.0 
0.8812408600618004 0.401073101890563 1.0 
0.769631567945801 0.6998071106642662 1.0 
0.6874844734990416 0.5479701908245632 1.0 
0.7634637771510799 0.2764896155417361 1.0 
0.9197539374955755 0.388516644609912 1.0 
0.30326717049635754 0.6665930747059692 1.0 
0.4126245775243712 0.9930561244951123 1.0 
0.8468792334889801 0.30412586610531167 1.0 
0.9200483374742772 0.8830820509786964 1.0 
0.6512300089463281 0.7851738153807585 1.0 
0.33426409965031845 0.4660996820637756 1.0 
0.953218137655335 0.5294824654024799 1.0 
0.7327650243946906 0.3957528393167439 1.0 
0.9560799497753764 0.42808920938885076 1.0 
0.7687002879134698 0.31735841108610974 1.0 
0.39076412871356314 0.7673541801735791 1.0 
0.8929190046715452 0.8053685312926223 1.0 
0.8044699066815176 0.7287313081267367 1.0 
0.551570833429423 0.5330061794142329 1.0 
0.5782471109453415 0.05952018055333863 1.0 
0.372756917609649 0.7918727818963964 1.0 
0.6416290415515367 0.7120387704113812 1.0 
0.8552025435734741 0.7616310765996063 1.0 
0.8944419024389325 0.8588688508335514 1.0 
0.4960423404551617 0.4580762788306565 1.0 
0.9228296845315282 0.06972856320147691 1.0 
0.5628264082262748 0.9805195432788643 1.0 
0.6851547477409412 0.27886521173842316 1.0 
0.7673726674889744 0.21876558691915382 1.0 
0.6230854610152382 0.037311508369796575 1.0 
0.9617714498382912 0.8411899927223476 1.0 
0.7987591134073663 0.8656716600711011 1.0 
0.9982108969437978 0.4153805160504954 1.0 
0.7353758477918924 0.3745352526492882 1.0 
0.5044777399147996 0.6166253706974303 1.0 
0.47076321321448644 0.3327898522294691 1.0 
0.3233828774290589 0.8669921900593558 1.0 
0.3643487903029762 0.24156561873067328 1.0 
0.7516514892317325 0.49760540737183745 1.0 
0.4174270508598289 0.5366748009298152 1.0 
0.805160178753589 0.13720943728397506 1.0 
0.808459329871431 0.4711350720938302 1.0 
0.5415504108808311 0.6265516903975417 1.0 
0.49597874544062936 0.7746678265648894 1.0 
0.4370051446253618 0.17584091246868372 1.0 
0.8443715392337648 0.802764171757827 1.0 
0.8597417808994856 0.4711726606760044 1.0 
0.7412438909844855 0.11477304947282663 1.0 
0.8615186960328999 0.07633048726745761 1.0 
0.4459042043304833 0.41609933311223646 1.0 
0.44572206144691806 0.2750006945102311 1.0 
0.23776144453961712 0.9148531853632496 1.0 
0.682322563370655 0.7403717110852959 1.0 
0.5880374821786669 0.6382705685018253 1.0 
0.5965165547616367 0.3533331475104634 1.0 
0.8855721253124732 0.45108240791259135 1.0 
0.4566817540453886 0.14875727653435478 1.0 
0.370836095803305 0.47597931837978913 1.0 
0.9091654340296464 0.9828432831847012 1.0 
0.6949965465461998 0.3790533347232664 1.0 
0.5212015274345145 0.9948340722384289 1.0 
0.967082415796416 0.8984871666643763 1.0 
0.8993830426215446 0.14179930216600167 1.0 
0.5462825466087126 0.7720277220572794 1.0 
0.953250744031858 0.250997888159496 1.0 
0.6153953318503209 0.9459558123686079 1.0 
0.977920561567663 0.4789118789529554 1.0 
0.3582254281072701 0.8207093791648434 1.0 
0.8510147466423822 0.7642019665404872 1.0 
0.5907277811397268 0.1348105774266115 1.0 
0.9234058286379218 0.7444730134596133 1.0 
0.2849552313544932 0.7773220206580563 1.0 
0.5843860000558354 0.5494292559768326 1.0 
0.4859911346847221 0.49763809527497693 1.0 
0.3443446820639894 0.9010879919304029 1.0 
0.9402115501320709 0.7503217393711519 1.0 
0.9928506880920487 0.9241059206058143 1.0 
0.6971318409415314 0.21326488542337407 1.0 
0.4110113076487706 0.5022383773179647 1.0 
0.3320163746607182 0.9013378613641526 1.0 
0.5246117807513919 0.8245487947651967 1.0 
0.6792300795087224 0.050407048979316804 1.0 
0.8030355500200613 0.5946600202582554 1.0 
0.7298952283353954 0.4220636987119195 1.0 
0.8254403860057381 0.10310347963298161 1.0 
0.49083957631071373 0.8574645180275092 1.0 
0.7751414397369296 0.2570477700055498 1.0 
0.4841763353160061 0.8276000058618487 1.0 
0.39950425795140976 0.9900584393407124 1.0 
0.8195310061356371 0.11539776283859393 1.0 
0.693089466786915 0.960367883072055 1.0 
0.8804128833893801 0.36761755022745535 1.0 
0.7675497466280684 0.7263982703390631 1.0 
0.7587739812997114 0.509246934787719 1.0 
0.9507402929823581 0.5403464930677916 1.0 
0.5981427843805124 0.30207408574262173 1.0 
0.8111905095659505 0.9253820806808599 1.0 
0.38845928841243094 0.8715150493821485 1.0 
0.8314212068999585 0.5087153793290011 1.0 
0.8063985068366483 0.46869126190245025 1.0 
0.7173584797330802 0.930527598416663 1.0 
0.9144176984210256 0.4951574013426302 1.0 
0.8052279835690013 0.47956396400668366 1.0 
0.8971157071343561 0.17989120822421534 1.0 
0.736504843060909 0.2602467902642672 1.0 
0.8172632251288373 0.040175980262025957 1.0 
0.9153417677457774 0.0719702724142075 1.0 
0.8019384611137863 0.20514643201587235 1.0 
0.7342457063306439 0.12921249450100902 1.0 
0.5499520599885578 0.6408615099346954 1.0 
0.8305132883795859 0.3997583565764212 1.0 
0.7894492302129518 0.7991237749688154 1.0 
0.8546730877514714 0.1951933279846233 1.0 
0.646878361315587 0.325050706394305 1.0 
0.8353072142934324 0.9845736403413734 1.0 
0.6618752246095166 0.5054677903888994 1.0 
0.4740545168771898 0.830354691582213 1.0 
0.34008214800849046 0.6719900876081832 1.0 
0.4859388781213162 0.03894859713737997 1.0 
0.3568332315614011 0.7353317983775844 1.0 
0.7914179622095148 0.7864683266220993 1.0 
0.5151207615936795 0.8676191225466827 1.0 
0.6979713923156471 0.3804835059253867 1.0 
0.9260819857207951 0.0850379084244075 1.0 
0.41163890170459216 0.5833393251704839 1.0 
0.7579919278087278 0.007070926151045764 1.0 
0.8304410817040191 0.3375830132082982 1.0 
0.28729498422933586 0.707434168086556 1.0 
0.6709731144046008 0.37182753257379686 1.0 
0.7942930613059055 0.27988187289933186 1.0 
0.9804675395847452 0.24464129192665907 1.0 
0.507479777493216 0.5611577520960266 1.0 
0.327079364436186 0.7062893673729441 1.0 
0.5253926719349532 0.16062107836460138 1.0 
0.7083788073229775 0.1621594128966507 1.0 
0.5336802074203486 0.3206123023562626 1.0 
0.709442165216349 0.9211621311388605 1.0 
0.7981057808702978 0.9920372417352941 1.0 
0.9168422122859281 0.7250162334701953 1.0 
0.5193405852013033 0.9151296888826898 1.0 
0.5059649546751788 0.5441689943762255 1.0 
0.6573582284078703 0.9891914224281076 1.0 
0.7377414002577373 0.5545804781753187 1.0 
0.7778139104349178 0.18865243464020687 1.0 
0.43311374302947203 0.2922440097759871 1.0 
0.9766569106870233 0.5364140304469386 1.0 
0.8763113596324976 0.06118138949205709 1.0 
0.9065438991240767 0.14808286188590003 1.0 
0.4161108358173409 0.7184276542385646 1.0 
0.627580639304347 0.8984342446014532 1.0 
0.29408776140272563 0.8693127593431625 1.0 
0.7519411632848688 0.42332909263911567 1.0 
0.5561004201358242 0.5732291050913472 1.0 
0.6820284453206599 0.8501722371215735 1.0 
0.9529579101129233 0.2984181532245641 1.0 
0.4773431186619955 0.7710832246276453 1.0 
0.5741284262561224 0.8311195536975337 1.0 
0.5076082017982544 0.9170019200083074 1.0 
0.7676267074438339 0.0473203490824462 1.0 
0.49008518445636895 0.3401751034085616 1.0 
0.3717821268341597 0.6862691770339532 1.0 
0.3570082705443852 0.2264253112511755 1.0 
0.34230678376521617 0.3133931769499313 1.0 
0.957908291094951 0.12676141525931983 1.0 
0.5717389893462826 0.1391326316998689 1.0 
0.8433077919579698 0.45076934909416255 1.0 
0.5499381831856912 0.48596963600095855 1.0 
0.42988371495416855 0.020897339619526112 1.0 
0.7362741656071191 0.9699372534865317 1.0 
0.5379761241510009 0.8490653299007086 1.0 
0.9429958629239301 0.0331687947999838 1.0 
0.34570010644596194 0.5778566626321036 1.0 
0.7596493761712986 0.6276827289500025 1.0 
0.8332877643505099 0.010816298151274828 1.0 
0.8031123666261344 0.18536167521061242 1.0 
0.962148142411203 0.1497622741857043 1.0 
0.6051295644254255 0.9277524058837255 1.0 
